4950 trades, 32 symbols, 285 days. Every figure is net R per trade after fees.

== HOLD TO 3R: all symbols, every day = -0.083R per trade
selector   K lookback  trades per 21d   avg R  total R t by day all syms  random p vs random 1st half 2nd half
profit     1       3d     287      21  -0.215    -61.6     -2.1   -0.080  -0.095        0.87   -0.221   -0.210
profit     1       7d     303      23  -0.199    -60.2     -1.9   -0.075  -0.061        0.87   -0.137   -0.246
profit     1      14d     292      23  +0.066    +19.4     +0.6   -0.085  -0.101        0.12   -0.044   +0.169
profit     1      30d     256      21  +0.091    +23.2     +0.7   -0.080  -0.071        0.10   +0.077   +0.098
profit     3       3d     750      56  -0.115    -86.4     -1.7   -0.080  -0.091        0.68   -0.088   -0.138
profit     3       7d     793      60  -0.165   -131.0     -2.6   -0.075  -0.067        0.92   -0.138   -0.188
profit     3      14d     739      57  -0.011     -7.9     -0.2   -0.085  -0.086        0.15   -0.084   +0.051
profit     3      30d     686      56  +0.017    +11.5     +0.2   -0.080  -0.084        0.11   +0.109   -0.042
profit     5       3d    1241      92  -0.148   -184.3     -2.7   -0.080  -0.091        0.91   -0.171   -0.128
profit     5       7d    1151      87  -0.064    -74.0     -1.2   -0.075  -0.067        0.46   -0.058   -0.070
profit     5      14d    1105      86  -0.044    -48.2     -0.7   -0.085  -0.091        0.19   -0.052   -0.037
profit     5      30d    1020      84  -0.046    -46.8     -0.8   -0.080  -0.081        0.27   -0.040   -0.050
avg        1       3d     324      24  -0.096    -31.0     -1.0   -0.080  -0.087        0.51   -0.018   -0.172
avg        1       7d     257      19  -0.299    -76.7     -2.6   -0.075  -0.070        0.97   -0.215   -0.371
avg        1      14d     187      14  -0.276    -51.6     -2.1   -0.085  -0.083        0.92   -0.350   -0.216
avg        1      30d     157      13  -0.061     -9.6     -0.4   -0.080  -0.096        0.38   -0.118   -0.035
avg        3       3d     918      68  -0.052    -47.3     -0.8   -0.080  -0.085        0.29   -0.093   -0.013
avg        3       7d     785      59  -0.036    -28.0     -0.5   -0.075  -0.076        0.27   +0.052   -0.108
avg        3      14d     589      46  -0.111    -65.1     -1.3   -0.085  -0.088        0.64   -0.172   -0.060
avg        3      30d     526      43  -0.106    -55.7     -1.3   -0.080  -0.080        0.63   -0.177   -0.059
avg        5       3d    1494     111  -0.071   -106.7     -1.4   -0.080  -0.078        0.43   -0.102   -0.043
avg        5       7d    1248      94  -0.031    -38.4     -0.5   -0.075  -0.073        0.19   +0.005   -0.061
avg        5      14d     994      77  -0.061    -60.1     -0.9   -0.085  -0.088        0.30   -0.079   -0.046
avg        5      30d     874      72  -0.083    -72.4     -1.3   -0.080  -0.085        0.49   -0.110   -0.065
cheap      1       3d     297      22  -0.101    -30.0     -1.0   -0.080  -0.080        0.57   -0.266   +0.046
cheap      1       7d     225      17  -0.207    -46.6     -1.9   -0.075  -0.057        0.89   -0.179   -0.229
cheap      1      14d     164      13  -0.073    -11.9     -0.5   -0.085  -0.090        0.46   +0.033   -0.153
cheap      1      30d      83       7  -0.132    -11.0     -0.7   -0.080  -0.087        0.63   -0.135   -0.130
cheap      3       3d     937      70  +0.009     +8.3     +0.1   -0.080  -0.082        0.07   -0.148   +0.141
cheap      3       7d     738      56  +0.028    +20.7     +0.4   -0.075  -0.072        0.09   -0.022   +0.060
cheap      3      14d     569      44  +0.042    +23.9     +0.5   -0.085  -0.093        0.03   +0.022   +0.056
cheap      3      30d     400      33  -0.083    -33.2     -0.9   -0.080  -0.083        0.49   -0.138   -0.043
cheap      5       3d    1491     111  -0.032    -48.3     -0.6   -0.080  -0.083        0.15   -0.143   +0.061
cheap      5       7d    1222      92  -0.008    -10.4     -0.2   -0.075  -0.072        0.10   -0.058   +0.027
cheap      5      14d     914      71  -0.052    -47.1     -0.8   -0.085  -0.089        0.23   -0.062   -0.045
cheap      5      30d     665      55  -0.007     -4.4     -0.1   -0.080  -0.088        0.09   -0.035   +0.009
worst      1       3d     319      24  -0.091    -29.2     -0.9   -0.080  -0.083        0.52   -0.258   +0.060
worst      1       7d     298      23  -0.030     -8.8     -0.3   -0.075  -0.065        0.38   -0.209   +0.125
worst      1      14d     245      19  -0.004     -1.0     -0.0   -0.085  -0.089        0.26   -0.296   +0.233
worst      1      30d     257      21  -0.198    -50.8     -1.8   -0.080  -0.085        0.81   -0.465   +0.006
worst      3       3d     816      61  -0.091    -74.4     -1.3   -0.080  -0.092        0.49   -0.269   +0.080
worst      3       7d     747      56  -0.141   -105.1     -2.0   -0.075  -0.068        0.86   -0.211   -0.071
worst      3      14d     658      51  -0.124    -81.3     -1.6   -0.085  -0.091        0.65   -0.280   +0.020
worst      3      30d     691      57  -0.083    -57.5     -1.3   -0.080  -0.081        0.50   -0.198   +0.005
worst      5       3d    1214      90  -0.081    -98.5     -1.4   -0.080  -0.094        0.36   -0.184   +0.017
worst      5       7d    1154      87  -0.140   -161.3     -2.3   -0.075  -0.070        0.94   -0.196   -0.084
worst      5      14d    1067      83  -0.092    -98.6     -1.5   -0.085  -0.089        0.53   -0.189   -0.000
worst      5      30d    1037      85  -0.071    -73.7     -1.1   -0.080  -0.082        0.40   -0.150   -0.007
winners    -       3d    1990     148  -0.109   -217.0     -2.2   -0.080  -0.093        0.68   -0.115   -0.104
winners    -       7d    2183     165  -0.090   -196.9     -1.8   -0.075  -0.084        0.59   -0.098   -0.084
winners    -      14d    2147     166  -0.079   -170.6     -1.7   -0.085  -0.083        0.43   -0.100   -0.066
winners    -      30d    1939     160  -0.085   -163.9     -1.7   -0.080  -0.075        0.63   -0.099   -0.076
  40 selector cells (excluding the 'worst' control): 6 have a positive average, 1 beat random picking at p <= 0.05 (about 2.0 expected by luck alone)
  best cell of the FIRST half: profit K=3 lookback 30d = +0.109R (265 trades) -> SECOND half -0.042R (421 trades)
  across cells, first-half vs second-half average R: correlation +0.37
  'profit' beat its mirror image 'worst' in 7 of 12 matched cells (average gap +0.026R)

== TRAIL: all symbols, every day = -0.082R per trade
selector   K lookback  trades per 21d   avg R  total R t by day all syms  random p vs random 1st half 2nd half
profit     1       3d     255      19  -0.127    -32.3     -2.4   -0.082  -0.091        0.74   -0.150   -0.110
profit     1       7d     264      20  -0.156    -41.3     -2.6   -0.080  -0.079        0.90   -0.220   -0.088
profit     1      14d     208      16  -0.135    -28.1     -2.4   -0.082  -0.079        0.79   -0.114   -0.156
profit     1      30d     173      14  -0.145    -25.1     -2.2   -0.080  -0.081        0.84   -0.123   -0.164
profit     3       3d     755      56  -0.125    -94.6     -3.9   -0.082  -0.093        0.82   -0.136   -0.116
profit     3       7d     680      51  -0.149   -101.4     -4.5   -0.080  -0.080        0.98   -0.171   -0.131
profit     3      14d     587      45  -0.136    -79.8     -3.9   -0.082  -0.078        0.96   -0.136   -0.136
profit     3      30d     509      42  -0.099    -50.1     -2.5   -0.080  -0.080        0.65   -0.100   -0.098
profit     5       3d    1153      86  -0.104   -119.7     -3.9   -0.082  -0.089        0.73   -0.097   -0.110
profit     5       7d    1049      79  -0.124   -130.0     -4.5   -0.080  -0.084        0.94   -0.139   -0.111
profit     5      14d     966      75  -0.117   -113.1     -4.2   -0.082  -0.083        0.91   -0.105   -0.126
profit     5      30d     783      64  -0.091    -71.6     -2.9   -0.080  -0.081        0.64   -0.049   -0.122
avg        1       3d     320      24  -0.077    -24.7     -1.5   -0.082  -0.095        0.39   -0.089   -0.067
avg        1       7d     242      18  -0.192    -46.6     -3.3   -0.080  -0.079        0.96   -0.166   -0.218
avg        1      14d     127      10  -0.115    -14.5     -1.4   -0.082  -0.079        0.70   -0.088   -0.143
avg        1      30d      75       6  -0.051     -3.8     -0.6   -0.080  -0.083        0.30        —   -0.025
avg        3       3d     928      69  -0.119   -110.3     -4.1   -0.082  -0.090        0.81   -0.121   -0.117
avg        3       7d     681      51  -0.179   -121.8     -5.4   -0.080  -0.082        1.00   -0.185   -0.173
avg        3      14d     497      39  -0.103    -51.2     -2.8   -0.082  -0.081        0.71   -0.103   -0.103
avg        3      30d     335      28  -0.027     -9.0     -0.6   -0.080  -0.083        0.10   -0.018   -0.032
avg        5       3d    1432     107  -0.079   -112.6     -3.2   -0.082  -0.086        0.38   -0.068   -0.088
avg        5       7d    1180      89  -0.146   -172.4     -5.4   -0.080  -0.084        0.99   -0.140   -0.152
avg        5      14d     855      66  -0.097    -83.1     -3.3   -0.082  -0.084        0.68   -0.071   -0.121
avg        5      30d     639      53  -0.095    -61.0     -2.7   -0.080  -0.084        0.64   -0.073   -0.112
cheap      1       3d     288      21  -0.002     -0.6     -0.0   -0.082  -0.089        0.06   -0.062   +0.052
cheap      1       7d     210      16  -0.022     -4.6     -0.4   -0.080  -0.081        0.16   -0.024   -0.020
cheap      1      14d     140      11  +0.013     +1.9     +0.2   -0.082  -0.078        0.09   -0.045   +0.057
cheap      1      30d      64       5  +0.094     +6.0     +0.9   -0.080  -0.080        0.01   +0.094   +0.093
cheap      3       3d     904      67  -0.048    -43.1     -1.5   -0.082  -0.088        0.10   -0.042   -0.052
cheap      3       7d     675      51  -0.019    -12.7     -0.5   -0.080  -0.084        0.01   -0.010   -0.024
cheap      3      14d     545      42  +0.017     +9.1     +0.4   -0.082  -0.080        0.01   +0.014   +0.018
cheap      3      30d     400      33  +0.019     +7.8     +0.5   -0.080  -0.084        0.01   +0.005   +0.029
cheap      5       3d    1437     107  -0.083   -119.3     -3.2   -0.082  -0.087        0.41   -0.078   -0.087
cheap      5       7d    1127      85  -0.069    -77.8     -2.4   -0.080  -0.084        0.24   -0.065   -0.072
cheap      5      14d     858      66  -0.036    -30.5     -1.1   -0.082  -0.082        0.03   -0.050   -0.026
cheap      5      30d     650      54  +0.020    +12.9     +0.5   -0.080  -0.080        0.00   +0.003   +0.029
worst      1       3d     304      23  -0.079    -23.9     -1.5   -0.082  -0.088        0.42   -0.013   -0.141
worst      1       7d     272      21  -0.101    -27.5     -1.6   -0.080  -0.086        0.60   -0.098   -0.104
worst      1      14d     239      19  +0.026     +6.2     +0.5   -0.082  -0.080        0.04   -0.064   +0.114
worst      1      30d     268      22  -0.085    -22.7     -1.5   -0.080  -0.081        0.52   -0.094   -0.079
worst      3       3d     818      61  -0.065    -53.1     -2.1   -0.082  -0.092        0.21   -0.024   -0.106
worst      3       7d     797      60  -0.090    -71.7     -2.7   -0.080  -0.083        0.59   -0.077   -0.103
worst      3      14d     771      60  -0.063    -48.5     -1.8   -0.082  -0.080        0.29   -0.034   -0.088
worst      3      30d     762      63  -0.046    -35.0     -1.3   -0.080  -0.082        0.18   -0.019   -0.067
worst      5       3d    1304      97  -0.090   -117.0     -3.6   -0.082  -0.089        0.50   -0.044   -0.132
worst      5       7d    1251      94  -0.104   -130.0     -3.8   -0.080  -0.082        0.81   -0.056   -0.150
worst      5      14d    1165      90  -0.078    -91.1     -2.6   -0.082  -0.079        0.48   -0.055   -0.098
worst      5      30d    1168      96  -0.076    -88.7     -2.6   -0.080  -0.084        0.39   -0.049   -0.097
winners    -       3d    2071     154  -0.108   -223.4     -5.3   -0.082  -0.094        0.87   -0.122   -0.096
winners    -       7d    2119     160  -0.090   -190.7     -4.5   -0.080  -0.085        0.65   -0.091   -0.089
winners    -      14d    1902     147  -0.090   -171.8     -4.1   -0.082  -0.079        0.77   -0.079   -0.099
winners    -      30d    1563     129  -0.079   -122.8     -3.4   -0.080  -0.084        0.38   -0.083   -0.076
  40 selector cells (excluding the 'worst' control): 5 have a positive average, 6 beat random picking at p <= 0.05 (about 2.0 expected by luck alone)
  best cell of the FIRST half: cheap K=1 lookback 30d = +0.094R (27 trades) -> SECOND half +0.093R (37 trades)
  across cells, first-half vs second-half average R: correlation +0.79
  'profit' beat its mirror image 'worst' in 0 of 12 matched cells (average gap -0.055R)

== EVERY TRADE BY ITS FEE COST (net R per trade; t clustered by close day)
fee cost per trade   trades symbols  gross 3R  net 3R  t(day) gross trail net trail  t(day)
under 0.03R             843      30    +0.055  +0.034    +0.5      +0.013    -0.008    -0.2
0.03-0.06R             1266      32    +0.010  -0.035    -0.5      -0.005    -0.051    -1.8
0.06-0.10R             1460      27    -0.025  -0.103    -1.8      -0.019    -0.097    -4.0
over 0.10R             1381      17    -0.049  -0.176    -3.0      -0.015    -0.142    -5.1
the under-0.03R trades come from: BEATUSD 194, BLESSUSD 93, AIOUSD 78, AKEUSD 72, VELVETUSD 58, AINUSD 56, VVVUSD 47, MUBARAKUSD 35, PUMPUSD 29, ZROUSD 26
