2026-08-25 05:54:25,410 hwpr_v2 @15m  (5/240, 3s)
2026-08-25 05:54:26,722 atr_arm @15m  (10/240, 4s)
2026-08-25 05:54:27,635 flip @15m  (15/240, 5s)
2026-08-25 05:54:28,790 trend_pure @15m  (20/240, 6s)
2026-08-25 05:54:30,069 st_only @15m  (25/240, 7s)
2026-08-25 05:54:31,274 adx_only @15m  (30/240, 8s)
2026-08-25 05:54:32,652 wpr_only @15m  (35/240, 10s)
2026-08-25 05:54:33,714 hwpr_no_confirm @15m  (40/240, 11s)
2026-08-25 05:54:34,760 st_flip_atr @15m  (45/240, 12s)
2026-08-25 05:54:35,763 flip_wide @15m  (50/240, 13s)
2026-08-25 05:54:36,991 trend_wide_stop @15m  (55/240, 14s)
2026-08-25 05:54:37,916 counter_trend @15m  (60/240, 15s)
2026-08-25 05:54:39,385 hwpr_v2 @30m  (65/240, 17s)
2026-08-25 05:54:40,147 atr_arm @30m  (70/240, 17s)
2026-08-25 05:54:40,723 flip @30m  (75/240, 18s)
2026-08-25 05:54:41,457 trend_pure @30m  (80/240, 19s)
2026-08-25 05:54:42,219 st_only @30m  (85/240, 19s)
2026-08-25 05:54:42,926 adx_only @30m  (90/240, 20s)
2026-08-25 05:54:43,644 wpr_only @30m  (95/240, 21s)
2026-08-25 05:54:44,258 hwpr_no_confirm @30m  (100/240, 21s)
2026-08-25 05:54:44,906 st_flip_atr @30m  (105/240, 22s)
2026-08-25 05:54:45,506 flip_wide @30m  (110/240, 23s)
2026-08-25 05:54:46,268 trend_wide_stop @30m  (115/240, 23s)
2026-08-25 05:54:46,848 counter_trend @30m  (120/240, 24s)
2026-08-25 05:54:47,844 hwpr_v2 @60m  (125/240, 25s)
2026-08-25 05:54:48,259 atr_arm @60m  (130/240, 25s)
2026-08-25 05:54:48,558 flip @60m  (135/240, 26s)
2026-08-25 05:54:48,954 trend_pure @60m  (140/240, 26s)
2026-08-25 05:54:49,380 st_only @60m  (145/240, 27s)
2026-08-25 05:54:49,821 adx_only @60m  (150/240, 27s)
2026-08-25 05:54:50,244 wpr_only @60m  (155/240, 27s)
2026-08-25 05:54:50,623 hwpr_no_confirm @60m  (160/240, 28s)
2026-08-25 05:54:50,987 st_flip_atr @60m  (165/240, 28s)
2026-08-25 05:54:51,387 flip_wide @60m  (170/240, 29s)
2026-08-25 05:54:51,811 trend_wide_stop @60m  (175/240, 29s)
2026-08-25 05:54:52,151 counter_trend @60m  (180/240, 29s)
2026-08-25 05:54:52,761 hwpr_v2 @240m  (185/240, 30s)
2026-08-25 05:54:52,926 atr_arm @240m  (190/240, 30s)
2026-08-25 05:54:53,046 flip @240m  (195/240, 30s)
2026-08-25 05:54:53,184 trend_pure @240m  (200/240, 30s)
2026-08-25 05:54:53,333 st_only @240m  (205/240, 30s)
2026-08-25 05:54:53,483 adx_only @240m  (210/240, 31s)
2026-08-25 05:54:53,648 wpr_only @240m  (215/240, 31s)
2026-08-25 05:54:53,776 hwpr_no_confirm @240m  (220/240, 31s)
2026-08-25 05:54:53,912 st_flip_atr @240m  (225/240, 31s)
2026-08-25 05:54:54,032 flip_wide @240m  (230/240, 31s)
2026-08-25 05:54:54,186 trend_wide_stop @240m  (235/240, 31s)
2026-08-25 05:54:54,309 counter_trend @240m  (240/240, 31s)

==============================================================================================================
PORTFOLIO BACKTESTS  --  one $10,000 account, one position slot, 4 symbols competing
==============================================================================================================

=== BY GATE SET (all families and timeframes pooled) ===
                 runs  trades  total_pnl  mean_return_pct  mean_max_dd  worst_dd  worst_return  window_used_pct  halts  halted_early  profitable
gates                                                                                                                                           
ungated            48   35902 -99,303.26           -20.69        24.14     69.53        -66.26            99.61      0             0           6
live_defaults      48   12111 -25,510.83            -5.31         8.88     10.45        -10.31            53.77     35            33           8
two_per_day        48   11392 -24,472.46            -5.10         8.87     10.44        -10.18            55.57     35            34           8
tight              48    4830  -9,209.69            -1.92         5.02      5.47         -5.37            29.48     44            44          10
tight_resume_7d    48   23844 -72,313.86           -15.07        18.88     41.36        -38.08            99.58    269             0           7

`window_used_pct` is how much of the data the account was still
trading through. A run below ~90% hit the drawdown halt and stopped:
its P&L is a truncated sample, not a risk-managed outcome.


=== P&L BY FAMILY x GATE SET ===
gates                           ungated  live_defaults  two_per_day    tight  tight_resume_7d
family          timeframe_min                                                                
adx_only        15            -3,601.48        -317.69      -412.98   132.99          -387.96
                30            -1,407.70        -707.87      -573.99  -438.65        -1,705.81
                60              -506.23         396.55       558.37 1,529.17           703.60
                240              556.34         556.34       556.34   587.86           587.86
atr_arm         15            -4,573.58        -179.82      -498.53    -7.04        -3,150.14
                30            -3,728.25        -728.79      -576.38  -206.27        -2,001.93
                60            -2,065.35        -661.82      -757.43  -188.07        -1,988.51
                240              318.33         318.33       318.33   482.69          -274.00
counter_trend   15            -2,916.29        -902.17      -882.11  -381.12        -2,124.59
                30            -1,458.47        -651.71      -534.64   -24.70        -1,326.23
                60            -1,264.01        -669.41      -669.41  -145.89        -1,148.38
                240              103.48         103.48       103.48  -397.99             4.61
flip            15            -3,575.68        -899.79      -885.79  -381.03        -3,349.21
                30            -2,269.44        -903.61      -903.61  -397.45        -2,322.49
                60            -1,483.56        -941.63      -941.63  -448.88        -1,474.50
                240              -76.18         -76.18       -76.18  -528.98          -119.18
flip_wide       15            -2,671.08      -1,000.22    -1,003.33  -513.90        -2,369.36
                30            -1,158.36        -776.12      -785.38  -291.23        -1,095.78
                60              -476.81        -476.81      -476.81  -366.53          -447.09
                240              110.62         110.62       110.62   110.62           110.62
hwpr_no_confirm 15            -4,425.88        -940.73      -895.97  -397.45        -2,583.98
                30            -2,805.78      -1,015.38      -545.61  -516.77        -1,632.75
                60            -1,222.06        -764.44      -739.85  -254.96        -1,261.65
                240             -706.40        -706.40      -706.40  -497.20          -604.76
hwpr_v2         15            -4,196.29        -809.72      -856.98  -415.52        -3,353.09
                30            -1,792.86        -995.22      -882.24  -514.26        -1,540.02
                60            -1,099.63        -970.10      -975.69  -467.23        -1,041.06
                240             -394.79        -394.79      -394.79  -394.79          -394.79
st_flip_atr     15            -4,829.35        -845.72    -1,017.61  -503.26        -3,605.98
                30            -1,410.18           0.25      -340.98  -434.04        -2,322.28
                60            -1,661.29        -478.75      -574.77   -94.60        -1,666.61
                240             -417.45        -417.45      -417.45  -427.26          -485.88
st_only         15            -6,419.82      -1,031.25      -170.11   366.85        -3,394.60
                30            -3,488.99        -951.98      -481.02   -28.91        -2,095.92
                60            -1,533.45        -853.96      -865.92  -389.14        -2,532.68
                240              -67.96         -67.96       -67.96  -246.82          -174.12
trend_pure      15            -3,687.00        -999.22    -1,001.05  -503.68        -2,975.39
                30              -360.51         -84.40        75.85   471.20           390.10
                60            -2,141.47      -1,023.14    -1,004.04  -536.66        -1,604.52
                240             -396.28        -396.28      -396.28  -518.50          -449.13
trend_wide_stop 15            -4,574.06        -812.06      -546.22  -303.37        -2,427.76
                30            -2,277.95        -898.82      -936.97  -342.85        -2,390.50
                60              -797.91        -565.36      -509.76     1.59          -427.80
                240               76.34          76.34        76.34    76.34            76.34
wpr_only        15            -6,626.44        -589.26      -552.54   -36.81        -3,807.62
                30            -5,559.08        -539.69    -1,002.54  -504.96        -3,701.10
                60            -5,187.35      -1,004.78      -672.02  -291.89        -2,723.51
                240              844.36         977.79       261.22   369.67           295.72


=== MAX DRAWDOWN % BY FAMILY x GATE SET ===
gates                          ungated  live_defaults  two_per_day  tight  tight_resume_7d
family          timeframe_min                                                             
adx_only        15               40.11          10.12        10.37   5.26            13.50
                30               17.47          10.18        10.02   5.12            19.11
                60               17.16          10.07        10.04   5.38            12.23
                240               3.50           3.50         3.50   3.50             3.50
atr_arm         15               48.34          10.11        10.23   5.11            34.95
                30               38.22          10.42        10.44   5.10            29.44
                60               24.30          10.19        10.08   5.04            24.33
                240               6.73           6.73         6.73   5.47            12.29
counter_trend   15               31.19          10.36        10.16   5.22            23.50
                30               19.41          10.05        10.26   5.43            19.76
                60               17.05          10.34        10.34   5.31            15.16
                240               5.11           5.11         5.11   5.10             5.53
flip            15               36.87          10.23        10.10   5.12            34.64
                30               24.50          10.28        10.28   5.29            25.02
                60               18.13          10.28        10.28   5.40            18.04
                240               6.99           6.99         6.99   5.29             7.41
flip_wide       15               26.91          10.00        10.03   5.14            23.95
                30               14.57          10.04        10.13   5.31            13.97
                60                7.78           7.78         7.78   5.18             7.51
                240               1.52           1.52         1.52   1.52             1.52
hwpr_no_confirm 15               47.37          10.01        10.01   5.08            26.72
                30               28.08          10.16        10.12   5.19            18.04
                60               14.97          10.45        10.09   5.40            15.25
                240               7.89           7.89         7.89   5.05             6.98
hwpr_v2         15               43.08          10.06        10.25   5.11            34.35
                30               18.10          10.12        10.00   5.14            15.55
                60               11.39          10.10        10.15   5.09            10.81
                240               4.66           4.66         4.66   4.66             4.66
st_flip_atr     15               50.71          10.04        10.18   5.03            37.24
                30               22.25          10.20        10.10   5.44            24.16
                60               22.75          10.17        10.02   5.07            21.40
                240               5.54           5.54         5.54   5.25             5.96
st_only         15               64.23          10.40        10.24   5.34            39.83
                30               36.31          10.39        10.15   5.29            27.44
                60               17.53          10.03        10.15   5.07            27.28
                240               6.76           6.76         6.76   5.00             7.48
trend_pure      15               38.25          10.24        10.01   5.04            29.75
                30               12.57          10.15        10.06   5.23             8.48
                60               21.48          10.23        10.04   5.37            16.10
                240               5.20           5.20         5.20   5.18             5.22
trend_wide_stop 15               48.50          10.07        10.14   5.15            27.02
                30               24.14          10.29        10.14   5.17            25.30
                60               12.55          10.13        10.18   5.07             9.38
                240               2.69           2.69         2.69   2.69             2.69
wpr_only        15               69.53          10.04        10.06   5.15            41.36
                30               58.18          10.04        10.06   5.08            37.03
                60               52.10          10.05        10.16   5.26            29.51
                240               6.30           5.94         6.09   5.04             5.89


=== TOP 15 RUNS BY P&L ===
    family  timeframe_min           gates  trades  trades_per_day  win_rate  total_pnl  return_pct  max_dd_pct  window_used_pct  profit_factor  gross_r  net_r
  adx_only             60           tight     329            0.56      0.36   1,529.17       15.29        5.38            61.59           1.18     0.17   0.09
  wpr_only            240   live_defaults     353            0.60      0.40     977.79        9.78        5.94            99.77           1.16     0.11   0.06
  wpr_only            240         ungated     353            0.60      0.39     844.36        8.44        6.30            99.77           1.14     0.10   0.05
  adx_only             60 tight_resume_7d     509            0.87      0.35     703.60        7.04       12.23            99.91           1.05     0.11   0.03
  adx_only            240           tight     135            0.23      0.39     587.86        5.88        3.50            98.53           1.18     0.14   0.09
  adx_only            240 tight_resume_7d     135            0.23      0.39     587.86        5.88        3.50            98.53           1.18     0.14   0.09
  adx_only             60     two_per_day     479            0.81      0.35     558.37        5.58       10.04            85.76           1.04     0.11   0.03
  adx_only            240         ungated     136            0.23      0.39     556.34        5.56        3.50            98.53           1.17     0.14   0.08
  adx_only            240   live_defaults     136            0.23      0.39     556.34        5.56        3.50            98.53           1.17     0.14   0.08
  adx_only            240     two_per_day     136            0.23      0.39     556.34        5.56        3.50            98.53           1.17     0.14   0.08
   atr_arm            240           tight     167            0.28      0.42     482.69        4.83        5.47            79.51           1.11     0.11   0.06
trend_pure             30           tight     436            0.74      0.37     471.20        4.71        5.23            61.03           1.06     0.10   0.02
  adx_only             60   live_defaults     523            0.89      0.35     396.55        3.97       10.07            92.66           1.03     0.10   0.02
trend_pure             30 tight_resume_7d     694            1.18      0.38     390.10        3.90        8.48            99.88           1.03     0.09   0.01
  wpr_only            240           tight     195            0.33      0.41     369.67        3.70        5.04            61.18           1.11     0.09   0.04


=== EXPECTANCY: GATED vs UNGATED (the censoring check) ===
gates                          ungated  live_defaults  two_per_day  tight  tight_resume_7d  gated - ungated
family          timeframe_min                                                                              
adx_only        15               -0.07          -0.04        -0.06   0.04            -0.01             0.02
                30               -0.03          -0.04        -0.03  -0.28            -0.05             0.00
                60               -0.02           0.02         0.03   0.09             0.03             0.04
                240               0.08           0.08         0.08   0.09             0.09             0.00
atr_arm         15               -0.07          -0.01        -0.02   0.00            -0.10             0.05
                30               -0.07          -0.07        -0.04  -0.03            -0.05             0.04
                60               -0.06          -0.04        -0.06  -0.07            -0.07             0.00
                240               0.03           0.03         0.03   0.06            -0.02             0.00
counter_trend   15               -0.13          -0.15        -0.17  -0.18            -0.11            -0.04
                30               -0.07          -0.06        -0.07  -0.01            -0.07             0.00
                60               -0.11          -0.09        -0.09  -0.03            -0.10             0.02
                240               0.04           0.04         0.04  -0.40             0.00             0.00
flip            15               -0.11          -0.14        -0.14  -0.29            -0.13            -0.03
                30               -0.13          -0.15        -0.15  -0.10            -0.14            -0.03
                60               -0.17          -0.25        -0.25  -0.36            -0.18            -0.08
                240              -0.03          -0.03        -0.03  -1.10            -0.05             0.00
flip_wide       15               -0.09          -0.14        -0.16  -0.20            -0.09            -0.07
                30               -0.07          -0.08        -0.08  -0.06            -0.07            -0.01
                60               -0.06          -0.06        -0.06  -0.08            -0.05             0.00
                240               0.06           0.06         0.06   0.06             0.06             0.00
hwpr_no_confirm 15               -0.06          -0.03        -0.12  -0.09            -0.06            -0.05
                30               -0.07          -0.05        -0.03  -0.22            -0.04             0.04
                60               -0.05          -0.05        -0.05  -0.05            -0.06            -0.00
                240              -0.15          -0.15        -0.15  -0.37            -0.14             0.00
hwpr_v2         15               -0.08          -0.06        -0.06  -0.09            -0.10             0.02
                30               -0.06          -0.05        -0.04  -0.25            -0.06             0.01
                60               -0.07          -0.06        -0.06  -0.13            -0.07             0.00
                240              -0.14          -0.14        -0.14  -0.14            -0.14             0.00
st_flip_atr     15               -0.11          -0.08        -0.18  -0.41            -0.14            -0.06
                30               -0.03           0.00        -0.01  -0.49            -0.07             0.01
                60               -0.06          -0.03        -0.04  -0.01            -0.07             0.02
                240              -0.07          -0.07        -0.07  -0.12            -0.08             0.00
st_only         15               -0.09          -0.03        -0.01   0.04            -0.08             0.09
                30               -0.07          -0.07        -0.03   0.00            -0.05             0.04
                60               -0.05          -0.11        -0.12  -0.17            -0.10            -0.07
                240              -0.01          -0.01        -0.01  -0.12            -0.02             0.00
trend_pure      15               -0.06          -0.04        -0.07  -0.08            -0.08            -0.01
                30               -0.01          -0.00         0.00   0.02             0.01             0.01
                60               -0.12          -0.23        -0.23  -0.43            -0.09            -0.11
                240              -0.11          -0.11        -0.11  -0.34            -0.13             0.00
trend_wide_stop 15               -0.07          -0.03        -0.02  -0.07            -0.06             0.04
                30               -0.05          -0.03        -0.04  -0.03            -0.07             0.01
                60               -0.03          -0.04        -0.03   0.00            -0.02             0.00
                240               0.01           0.01         0.01   0.01             0.01             0.00
wpr_only        15               -0.08          -0.10        -0.04  -0.02            -0.12             0.05
                30               -0.08          -0.03        -0.06  -0.11            -0.10             0.01
                60               -0.11          -0.24        -0.04  -0.02            -0.07             0.07
                240               0.05           0.06         0.02   0.04             0.02            -0.03

mean shift in per-trade expectancy from gating: +0.0001 R
A positive shift is the censoring effect, not an improvement:
gating removes trades taken after the day already went badly.

written to /workspaces/glueops/deltabt/out/sweep/gated.csv
