================================================================================================
BACKTEST P&L  --  every cell starts at $10,000, risking 0.5% of equity per trade
================================================================================================
cells with >= 30 trades : 349
total trades executed    : 218,171
total signals generated  : 5,729,059
  refused on cost gate   : 4,696,920
  refused on cooldown    : 275,744
aggregate P&L over all cells : $-701,499
  total fees paid            : $673,836
  total funding paid         : $3,867
cells profitable         : 39 of 349  (11.2%)


================================================================================================
BY TIMEFRAME
================================================================================================
               cells    trades  trades_per_day   total_pnl  mean_return_pct  median_return_pct  mean_max_dd_pct       fees  funding  profitable
timeframe_min                                                                                                                                  
1                 80 99,702.00            5.48 -307,865.10           -38.48             -22.45            40.23 233,792.90   672.41           1
5                 79 52,514.00            1.75 -219,187.62           -27.75             -26.76            29.93 185,529.67   927.88           5
15                62 31,613.00            0.96 -101,689.05           -16.40             -15.57            20.70 131,167.34   709.02           3
30                51 20,450.00            0.65  -47,430.39            -9.30              -6.98            14.89  79,158.22   716.86           7
60                48 11,693.00            0.37  -26,383.32            -5.50              -4.82            10.66  39,256.33   753.98          13
240               29  2,199.00            0.10    1,056.54             0.36              -0.62             3.84   4,931.88    86.92          10


================================================================================================
BY FAMILY  (all timeframes and symbols pooled)
================================================================================================
                 cells    trades  total_pnl  mean_return_pct  mean_max_dd_pct  profit_factor  win_rate      fees  profitable
family                                                                                                                      
counter_trend       25  4,324.00 -18,799.62            -7.52            12.16           0.81      0.34 18,029.63           6
flip_wide           25  7,015.00 -27,638.00           -11.06            13.05           0.71      0.34 25,597.11           2
adx_only            30  8,571.00 -29,167.34            -9.72            14.94           0.89      0.33 34,698.95           8
st_flip_atr         30 10,044.00 -46,639.09           -15.55            19.83           0.78      0.34 39,170.70           3
atr_arm             33 15,526.00 -54,263.34           -16.44            21.51           0.83      0.32 58,824.74           1
trend_pure          28 17,447.00 -62,101.04           -22.18            24.99           0.70      0.31 57,931.74           3
trend_wide_stop     31 22,051.00 -69,018.74           -22.26            25.46           0.81      0.32 67,451.41           4
st_only             32 21,855.00 -70,099.60           -21.91            25.93           0.81      0.33 73,621.97           5
hwpr_v2             26 23,220.00 -75,308.08           -28.96            31.40           0.74      0.30 66,174.62           2
flip                26 37,871.00 -79,719.53           -30.66            33.09           0.68      0.28 70,354.67           0
wpr_only            34 23,040.00 -82,557.40           -24.28            27.25           0.75      0.33 82,664.27           3
hwpr_no_confirm     29 27,207.00 -86,187.18           -29.72            32.57           0.73      0.30 79,316.50           2


================================================================================================
BY SYMBOL
================================================================================================
         cells    trades   total_pnl  mean_return_pct  win_rate       fees  profitable
symbol                                                                                
BANKUSD     23  5,063.00  -20,924.24            -9.10      0.31  18,694.57           2
AKEUSD      24  5,083.00  -35,635.08           -14.85      0.29  17,653.99           2
BTCUSD      66 28,134.00  -99,373.16           -15.06      0.33 100,534.23           4
XRPUSD      66 45,623.00 -126,441.84           -19.16      0.33 144,366.19          15
ETHUSD      66 42,211.00 -130,081.38           -19.71      0.32 148,792.91           9
BEATUSD     38 41,927.00 -135,912.80           -35.77      0.32  84,687.92           5
SOLUSD      66 50,130.00 -153,130.44           -23.20      0.32 159,106.52           2


================================================================================================
THE TEN BEST CELLS BY P&L
================================================================================================
 symbol          family  timeframe_min  trades  trades_per_day  win_rate  total_pnl  return_pct  max_dd_pct  profit_factor  avg_win  avg_loss  best_trade  worst_trade
BEATUSD        wpr_only             30   71.00            0.32      0.44   1,071.21       10.71        2.61           2.01    68.77    -26.51      109.11       -59.89
 XRPUSD        adx_only             60  242.00            0.41      0.38   1,017.65       10.18        7.70           1.16    79.04    -42.50      118.38       -68.02
 XRPUSD        wpr_only            240  137.00            0.23      0.46     978.88        9.79        1.91           1.51    46.22    -26.12      110.59       -62.37
 BTCUSD         atr_arm            240  124.00            0.21      0.46     742.28        7.42        3.70           1.24    66.40    -45.41      116.84       -65.72
 XRPUSD     st_flip_atr             60  248.00            0.42      0.40     738.67        7.39        8.28           1.11    74.47    -43.73      106.60       -62.42
 XRPUSD        adx_only             30  384.00            0.65      0.35     728.89        7.29        7.91           1.08    76.18    -37.46      108.36       -62.47
 XRPUSD trend_wide_stop             60  239.00            0.41      0.36     684.65        6.85        2.57           1.20    49.25    -22.74      107.91       -60.07
 BTCUSD        adx_only            240   76.00            0.13      0.42     612.51        6.13        2.73           1.34    75.83    -41.23      113.63       -62.92
 SOLUSD trend_wide_stop             60  260.00            0.44      0.37     605.84        6.06        3.71           1.18    42.21    -20.63      102.44       -55.47
 XRPUSD      trend_pure             60  152.00            0.26      0.38     573.03        5.73        4.13           1.20    60.37    -31.15      106.53       -61.04


THE TEN WORST CELLS BY P&L
================================================================================================
 symbol          family  timeframe_min   trades  trades_per_day  win_rate  total_pnl  return_pct  max_dd_pct  profit_factor  avg_win  avg_loss  best_trade  worst_trade
 XRPUSD            flip              1 7,462.00           12.68      0.19  -9,873.43      -98.73       98.74           0.39     4.41     -2.67       92.53       -53.16
 BTCUSD            flip              1 7,297.00           12.40      0.13  -9,701.81      -97.02       97.02           0.18     2.21     -1.86       59.30       -47.16
 SOLUSD            flip              1 7,191.00           12.22      0.20  -9,690.43      -96.90       96.91           0.34     3.39     -2.56       78.67       -49.08
 ETHUSD            flip              1 5,878.00            9.99      0.18  -9,647.90      -96.48       96.48           0.28     3.54     -2.81       74.34       -42.78
BEATUSD         hwpr_v2              1 3,805.00           17.40      0.27  -9,397.71      -93.98       94.26           0.54    10.61     -7.26      102.68       -57.17
BEATUSD hwpr_no_confirm              1 3,805.00           17.40      0.27  -9,397.71      -93.98       94.26           0.54    10.61     -7.26      102.68       -57.17
BEATUSD trend_wide_stop              1 3,481.00           15.92      0.28  -9,372.02      -93.72       93.82           0.52    10.66     -7.85      102.93       -57.64
BEATUSD        wpr_only              1 3,784.00           17.31      0.30  -9,204.70      -92.05       92.27           0.66    15.84    -10.29      102.72       -76.71
BEATUSD            flip              1 3,319.00           15.18      0.27  -9,008.98      -90.09       90.35           0.56    12.56     -8.49       97.78       -55.72
 SOLUSD         hwpr_v2              1 3,223.00            5.48      0.23  -8,792.20      -87.92       87.98           0.51    12.23     -7.31       91.59       -51.25


================================================================================================
WHERE THE MONEY WENT  --  gross wins, gross losses, and friction
================================================================================================
               gross_win  gross_loss       fees  funding         net  fees as % of gross wins
timeframe_min                                                                                
1             494,121.70 -801,986.80 233,792.90   672.41 -307,865.10                    47.31
5             518,486.93 -737,674.55 185,529.67   927.88 -219,187.62                    35.78
15            492,536.64 -594,225.69 131,167.34   709.02 -101,689.05                    26.63
30            358,324.19 -405,754.58  79,158.22   716.86  -47,430.39                    22.09
60            222,087.04 -248,470.36  39,256.33   753.98  -26,383.32                    17.68
240            46,057.71  -45,001.17   4,931.88    86.92    1,056.54                    10.71


================================================================================================
INTRABAR AMBIGUITY  --  pessimistic vs optimistic same-bar resolution
================================================================================================
               pessimistic  optimistic  ambiguous_pct   spread
timeframe_min                                                 
1              -307,865.10 -306,954.23           0.00   910.87
5              -219,187.62 -216,682.02           0.15 2,505.60
15             -101,689.05 -100,524.43           0.04 1,164.61
30              -47,430.39  -46,604.66           0.00   825.74
60              -26,383.32  -25,503.14           0.03   880.18
240               1,056.54    1,274.52           0.06   217.98

If the spread is large relative to net P&L, the result is a
statement about intrabar assumptions rather than about the strategy.
